image_width: 640
image_height: 480
camera_name: mv_camera
camera_matrix:
  rows: 3
  cols: 3
  data: [863.474973, 0.000000, 636.86582, 0.000000, 863.71182, 482.66553, 0.000000, 0.000000, 1.000000]
distortion_model: plumb_bob
distortion_coefficients:
  rows: 1
  cols: 5
  data: [-0.104875, 0.093450, -0.000067, 0.000373, 0.000000]
rectification_matrix:
  rows: 3
  cols: 3
  data: [1.000000, 0.000000, 0.000000, 0.000000, 1.000000, 0.000000, 0.000000, 0.000000, 1.000000]
projection_matrix:
  rows: 3
  cols: 4
  data: [851.29381, 0.000000, 637.66885, 0.000000, 0.000000, 850.18261, 483.87513, 0.000000, 0.000000, 0.000000, 1.000000, 0.000000]

